2100875
571844945
2076833808
36055751
538521623
1561559475
809069593
1215627598
831338662
1924822345
1250792663
1758017529
88990969
2085042350
1063020076
585825334
414701767
1279931280
511909518
1590556408
2133181763
1514518628
798590666
423411347
1211383208
2091491969
1924010465
733038078
1223823419
965293832
2114763340
288725027
1655125528
942112108
1592907264
1657881078
1429198284
676845657
1549008161
2146445929
1610580965
1425282891
1228662657
286784153
1630707894
1788062083
1867803751
1707718342
242188961
1893989439
1298694464
549816460
477212548
832611895
404642798
1177024655
1545620994
1405044333
65910737
76679264
1968247110
281003808
1481059696
1693920819
1664091770
1323837205
1681581379
1897869875
33889320
769760024
12822109
1707748506
1976650698
247121719
48862760
1609810592
1277950629
1679005242
521988610
1342320362
115861165
709332608
1347777653
121729002
858753778
1527629782
1236420714
1217425016
2044593295
769173253
1881132694
1026029706
267982279
3274513
1331066399
1990939171
2032947075
12090692
574787758
2084219158
1213603772
822157763
1163109897
1622079445
312720879
598201951
1781057430
966429054
1231440629
714609814
836313269
1434171808
1007078046
1884989810
715296805
188606669
2065131820
1056660597
1328365750
2072759830
1929614734
1282538012
184392517
2082841279
394531802
1955513637
608878682
1825220499
1536930475
779314587
248401970
775997361
49948753
1646460833
664754957
599566851
361961428
1589089476
1224506485
1186781924
821361432
834408985
1289487328
1573078265
1660440747
379888383
1118141184
518491231
1736947026
1475865387
1761888945
1604068051
2027137279
1454207521
915031217
1304723994
1028996250
1389252444
308352866
1999760208
